0.20859068285277477
0.04937441157343296
0.022611217367680382
0.5789442236544087
0.4775345907543442
0.1907003800851378
0.3733950651763176
0.8323497361996675
0.8086082968786534
0.156866801281758
0.08570707975658665
0.013903250802044713
0.3711746434942269
0.8238974669772665
0.1772045337409428
0.5065253257627048
0.051127278015429135
0.22520024489946877
0.5907404461681152
0.1813037915540684
0.9104741314261904
0.35645647298562144
0.6011562010405247
0.9891899876622201
0.841896745020507
0.2537772259072002
0.3733818414145669
0.6887049479154892
0.8602397304658747
0.41604233837927157
0.1457021731834376
0.7488077583429049
0.20271077490766443
0.42453593876299334
0.11511966045304028
0.6431555840808343
0.028543568902560906
0.14265509276640592
0.6141877581601614
0.6586015875126264
0.16129498673062526
0.9369013809482494
0.0005698705598793464
0.22388305541124687
0.48359731413838153
0.342147489887213
0.9861620464777998
0.44347400277587146
0.17884978156226233
0.27020709910167173
0.04330016593380563
0.35668957670613066
0.32894592752397644
0.328184975179979
0.28235352541320013
0.5639437798066135
0.020655401927452875
0.7759786612205424
0.25752658809034135
0.45519680123664824