100293
100546
99779
99848
99979
99955
100434
99563
100319
100057
100053
99548
99637
100087
100023
100290
99853
100482
100269
100239
99565
99463
100092
99737
100094
100381
99772
100048
99605
99934
99856
99904
101112
100220
100484
100257
100067
100291
100118
99936
101312.8237
99741.76008
100263.1981
100075.6206
99909.9334
100209.6878
99963.24449
99912.90274
100489.2758
100583.2645
99960.91273
99393.56803
100037.0761
100653.4032
100273.6721
99682.30203
100784.1996
100240.0842
99962.79893
98809.30349