2021-08-02 04:00:00,3358.2,3358.2,3352.0,3357.0,507
2021-08-02 05:00:00,3352.0,3355.25,3352.0,3352.0,999
2021-08-02 06:00:00,3351.0,3352.56,3348.24,3348.5,1583
2021-08-02 07:00:00,3349.0,3353.51,3342.0,3344.65,5924
2021-08-02 08:00:00,3344.0002,3349.0,3341.02,3349.0,9161
2021-08-02 09:00:00,3349.92,3358.92,3324.01,3332.52,428202
2021-08-02 10:00:00,3332.075,3343.4934,3324.12,3327.09,253595
2021-08-02 11:00:00,3328.89,3341.345,3322.0,3324.355,129377
2021-08-02 12:00:00,3323.9,3334.315,3317.0,3330.83,123568
2021-08-02 13:00:00,3330.25,3340.18,3328.67,3329.38,85515
2021-08-02 14:00:00,3329.675,3336.7,3327.02,3333.81,73645
2021-08-02 15:00:00,3335.0,3339.85,3323.33,3331.69,164588
2021-08-02 16:00:00,3331.48,3333.0,3328.75,3328.75,123721
2021-08-02 18:00:00,3328.0,3329.0,3328.0,3329.0,208
2021-08-02 19:00:00,3327.87,3329.0,3327.87,3329.0,209
2021-08-03 04:00:00,3335.67,3335.67,3335.39,3335.39,200
2021-08-03 05:00:00,3340.0,3340.0,3340.0,3340.0,139
2021-08-03 07:00:00,3335.25,3339.0,3335.0,3339.0,1265
2021-08-03 08:00:00,3334.0,3339.808,3334.0,3336.9,1959
2021-08-03 09:00:00,3338.45,3345.0,3322.15,3322.97,245215
2021-08-03 10:00:00,3322.97,3326.64,3301.0,3305.0,227679
2021-08-03 11:00:00,3304.87,3349.69,3299.77,3348.29,286609
2021-08-03 12:00:00,3350.0,3376.245,3342.0,3375.04,275537
2021-08-03 13:00:00,3373.74,3391.0,3371.0,3373.0,206660
2021-08-03 14:00:00,3373.24,3382.0728,3360.1,3364.72,124810
2021-08-03 15:00:00,3364.725,3369.11,3355.72,3366.91,193929
2021-08-03 16:00:00,3366.24,3372.93,3365.27,3367.06,131779
2021-08-03 18:00:00,3366.34,3367.64,3361.1,3361.25,2085
2021-08-03 19:00:00,3360.0,3360.0,3357.17,3359.0,1002
2021-08-04 04:00:00,3375.0,3378.0,3374.0,3375.0,532
2021-08-04 06:00:00,3373.0,3373.0,3373.0,3373.0,130
2021-08-04 07:00:00,3372.0,3372.0,3368.0,3369.86,1818
2021-08-04 08:00:00,3370.016,3374.655,3366.24,3368.0,7554
2021-08-04 09:00:00,3368.5,3388.88,3358.3772,3363.0,205296
2021-08-04 10:00:00,3363.0,3365.42,3348.945,3353.11,134069
2021-08-04 11:00:00,3354.58,3362.5,3345.56,3361.56,90204
2021-08-04 12:00:00,3362.21,3363.15,3352.52,3357.985,60544
2021-08-04 13:00:00,3358.0,3369.33,3357.13,3361.1376,89186
2021-08-04 14:00:00,3362.44,3367.8,3355.24,3356.5,73317
2021-08-04 15:00:00,3356.66,3360.64,3353.82,3354.71,128397
2021-08-04 16:00:00,3354.72,3354.72,3352.95,3352.95,149558
2021-08-04 17:00:00,3351.55,3351.55,3351.55,3351.55,148
2021-08-04 18:00:00,3351.0,3352.0,3351.0,3352.0,500
2021-08-05 06:00:00,3362.62,3362.62,3362.62,3362.62,100
2021-08-05 07:00:00,3361.0,3361.0,3358.25,3360.91,969
2021-08-05 08:00:00,3361.0,3363.106,3358.64,3360.0,1387
2021-08-05 09:00:00,3355.0,3366.0,3340.92,3359.71,143009
2021-08-05 10:00:00,3360.57,3389.0,3358.115,3376.18,212724
2021-08-05 11:00:00,3376.7608,3384.8964,3372.82,3377.82,79830
2021-08-05 12:00:00,3378.105,3383.14,3372.18,3381.34,60612
2021-08-05 13:00:00,3381.0,3385.28,3375.365,3381.705,40817
2021-08-05 14:00:00,3382.1,3382.39,3371.12,3373.79,71023
2021-08-05 15:00:00,3373.4896,3377.11,3370.26,3376.1,118410
2021-08-05 16:00:00,3375.99,3375.99,3374.86,3375.99,204644
2021-08-05 17:00:00,3372.01,3373.0,3372.01,3373.0,399
2021-08-05 18:00:00,3373.82,3373.82,3373.82,3373.82,100
2021-08-05 19:00:00,3373.0,3374.37,3373.0,3373.13,680
2021-08-06 07:00:00,3379.86,3379.86,3378.85,3378.85,538
2021-08-06 08:00:00,3376.1,3384.429,3362.0,3367.0,8928
2021-08-06 09:00:00,3365.5,3375.0,3355.89,3357.45,183896
2021-08-06 10:00:00,3358.42,3359.66,3338.0,3340.05,173415
2021-08-06 11:00:00,3341.17,3341.17,3329.0374,3339.38,203388
2021-08-06 12:00:00,3340.0,3342.42,3333.8,3337.68,86336
2021-08-06 13:00:00,3338.07,3342.549,3332.68,3334.41,72493
2021-08-06 14:00:00,3334.155,3339.56,3333.75,3336.57,97367
2021-08-06 15:00:00,3336.95,3346.93,3335.77,3344.83,222113
2021-08-06 16:00:00,3344.94,3344.94,3339.8,3340.0,163937
2021-08-06 17:00:00,3342.0,3344.94,3339.1,3340.48,31957
2021-08-06 19:00:00,3341.0,3341.0,3339.5,3339.5,334
2021-08-09 04:00:00,3344.9,3344.9,3344.9,3344.9,100
2021-08-09 05:00:00,3349.0,3349.0,3349.0,3349.0,100
2021-08-09 07:00:00,3348.0,3349.0,3348.0,3349.0,325
2021-08-09 08:00:00,3348.0,3351.01,3344.94,3344.94,8059
2021-08-09 09:00:00,3348.0,3352.97,3328.52,3334.785,152361
2021-08-09 10:00:00,3334.52,3354.88,3329.0,3342.0,229452
2021-08-09 11:00:00,3341.995,3347.25,3336.06,3342.5,68999
2021-08-09 12:00:00,3341.77,3343.265,3333.03,3339.23,72995
2021-08-09 13:00:00,3339.575,3343.95,3335.77,3341.335,62165
2021-08-09 14:00:00,3341.545,3348.0,3337.07,3339.37,77242
2021-08-09 15:00:00,3338.89,3346.615,3335.35,3341.33,116992
2021-08-09 16:00:00,3341.87,3341.87,3336.25,3340.91,217170
2021-08-09 17:00:00,3339.0,3339.0,3339.0,3339.0,100
2021-08-09 18:00:00,3340.0,3340.0,3339.99,3339.99,260
2021-08-09 19:00:00,3338.5,3338.5,3338.5,3338.5,300
2021-08-10 07:00:00,3344.3,3344.3,3344.0,3344.0,200
2021-08-10 08:00:00,3344.0,3346.0,3344.0,3346.0,629
2021-08-10 09:00:00,3344.0,3358.0,3338.5,3351.905,140751
2021-08-10 10:00:00,3352.82,3357.52,3319.0,3326.845,178889
2021-08-10 11:00:00,3326.18,3328.83,3315.0,3323.2512,131951
2021-08-10 12:00:00,3323.29,3331.925,3319.56,3320.7398,65989
2021-08-10 13:00:00,3320.55,3326.01,3317.0,3322.14,55263
2021-08-10 14:00:00,3321.42,3321.72,3316.0,3321.13,57825
2021-08-10 15:00:00,3321.175,3323.85,3317.355,3321.32,113110
2021-08-10 16:00:00,3320.68,3321.0,3318.75,3319.5,155194
2021-08-10 17:00:00,3319.01,3319.5,3319.01,3319.5,200
2021-08-10 18:00:00,3317.0,3317.25,3317.0,3317.0,357
2021-08-10 19:00:00,3317.75,3320.0,3317.75,3320.0,1232
2021-08-11 06:00:00,3313.98,3313.98,3313.98,3313.98,100
2021-08-11 07:00:00,3318.0,3318.1,3318.0,3318.0,518
2021-08-11 08:00:00,3318.0,3329.5,3317.1,3327.88,4794
2021-08-11 09:00:00,3329.93,3337.7,3311.43,3313.1,214920
2021-08-11 10:00:00,3313.47,3320.83,3301.15,3302.75,182750
2021-08-11 11:00:00,3301.9,3303.85,3286.0,3288.2,188319
2021-08-11 12:00:00,3287.97,3299.4,3287.35,3290.778,103933
2021-08-11 13:00:00,3291.416,3296.99,3277.79,3279.95,141635
2021-08-11 14:00:00,3279.91,3284.83,3278.011,3280.4602,96513
2021-08-11 15:00:00,3281.38,3299.68,3279.0,3292.22,218313
2021-08-11 16:00:00,3292.11,3292.11,3290.2,3290.77,122861
2021-08-11 17:00:00,3291.89,3291.9,3291.74,3291.89,432
2021-08-11 18:00:00,3290.63,3291.09,3290.63,3290.97,419
2021-08-11 19:00:00,3290.6,3290.63,3290.3,3290.3,1172
2021-08-12 04:00:00,3294.11,3299.11,3294.11,3299.11,206
2021-08-12 05:00:00,3300.0,3300.0,3300.0,3300.0,100
2021-08-12 06:00:00,3304.16,3304.16,3304.16,3304.16,102
2021-08-12 07:00:00,3299.82,3300.0,3297.29,3299.0,1195
2021-08-12 08:00:00,3295.5,3300.0,3291.0,3291.0,1765
2021-08-12 09:00:00,3291.0,3293.35,3270.39,3277.04,151936
2021-08-12 10:00:00,3278.02,3302.0,3269.67,3301.54,193300
2021-08-12 11:00:00,3302.36,3309.0,3297.05,3305.39,114203
2021-08-12 12:00:00,3305.3194,3306.1878,3293.24,3294.715,56183
2021-08-12 13:00:00,3293.8498,3300.86,3288.57,3293.5,79231
2021-08-12 14:00:00,3293.27,3303.99,3293.27,3298.81,60503
2021-08-12 15:00:00,3298.73,3314.51,3298.73,3302.7,177900
2021-08-12 16:00:00,3302.51,3303.5,3300.0,3302.0,215088
2021-08-12 17:00:00,3304.47,3304.47,3303.37,3303.37,265
2021-08-12 18:00:00,3302.0,3303.0,3302.0,3302.63,400
2021-08-12 19:00:00,3301.77,3301.98,3301.01,3301.98,570
2021-08-13 08:00:00,3301.35,3305.0,3301.35,3305.0,690
2021-08-13 09:00:00,3304.2,3308.0,3286.0,3293.52,176884
2021-08-13 10:00:00,3293.96,3301.095,3288.54,3291.82,140995
2021-08-13 11:00:00,3292.235,3296.0,3283.0,3285.5,89376
2021-08-13 12:00:00,3285.19,3296.0,3284.99,3294.2212,107074
2021-08-13 13:00:00,3294.46,3295.13,3286.81,3288.545,60783
2021-08-13 14:00:00,3288.93,3290.12,3284.41,3286.35,67521
2021-08-13 15:00:00,3286.27,3294.02,3284.6,3293.96,171249
2021-08-13 16:00:00,3293.97,3294.0,3289.0,3289.0,111796
2021-08-13 17:00:00,3289.0,3289.0,3289.0,3289.0,100
2021-08-13 18:00:00,3291.0,3291.0,3291.0,3291.0,100
2021-08-13 19:00:00,3288.0,3289.65,3287.22,3289.65,940
